0
0.955648
1.15669
0.892478
1.02914
1.09628
1.08899
1.1073
0.978005
1.05813
1.22471
0.974215
1.16319
1.04132
1.14104
1.14302
0.960713
1.22757
1.27912
1.47778
1.47778
1.47778
1.47778
1.16982
1.13985
1.11409
1.09844
1.01479
0.995793
1.0125
1.11491
1.32453
0.967928
1.16359
1.04773
1.08925
1.14172
1.07305
1.22216
1.19001
1.12871
1.18798
1.02015
0.982432
1.18847
1.30559
1.13186
1.30427
1.23732
1.1606
1.23797
1.1555
1.16587
1.34556
1.02594
1.20241
1.1054
1.34344
1.16218
1.25399
1.1958
1.04368
1.06076
1.17707
1.22749
1.15251
1.27101
1.25304
1.2972
1.23772
1.22561
1.16907
1.25869
1.17732
1.23933
1.36839
1.23672
1.21908
1.27142
1.34487
1.08802
1.38318
1.21654
1.22491
1.20445
1.44404
1.31521
1.41807
3.05757
1.53576
2.44014
1.63524
1.85811
1.72804
1.63836
1.50898
1.36477
1.56121
2.25657
1.59549
