0
0.82397
0.987654
0.964758
0.969325
0.947826
0.982456
0.969512
0.958904
0.960452
0.946154
0.946809
0.957198
0.924242
0.966387
0.929412
0.922764
0.929348
0.910156
0.92638
0.904977
0.938144
0.9125
0.964646
0.9375
0.952381
0.895753
0.929825
0.937759
0.930233
0.91498
0.938547
0.925
0.947917
0.924444
0.939394
0.900433
0.9375
0.908696
0.945055
0.902222
0.935294
0.865306
0.925581
0.91342
0.938144
0.912442
0.922619
0.893701
0.951613
0.912879
0.916201
0.905109
0.904255
0.940741
0.935
0.939516
0.926702
0.918819
0.952381
0.914815
0.931818
0.906015
0.959821
0.907692
0.95339
0.958175
0.948357
0.924138
0.938967
0.931559
0.940887
0.906015
0.953125
0.904412
0.925
0.932143
0.933333
0.925424
0.942408
0.941379
0.922018
0.929961
0.958974
0.958974
0.958974
0.958974
0.907514
0.963415
0.934524
0.976415
0.969231
0.822034
0.904762
0.912621
0.947619
0.933333
0.94
0.980469
0.961722
