0
0.82397
0.987654
0.964286
0.969325
0.950413
0.982456
0.96319
0.959459
0.96648
0.943609
0.941176
0.965385
0.929648
0.95
0.9375
0.946188
0.935484
0.910714
0.924051
0.912037
0.94709
0.903766
0.969697
0.929167
0.951872
0.92126
0.928571
0.933884
0.9375
0.919028
0.943182
0.928205
0.942408
0.926941
0.95
0.889362
0.954286
0.924051
0.946524
0.888412
0.943503
0.861224
0.948357
0.873832
0.94
0.925234
0.927778
0.900763
0.946524
0.93609
0.933702
0.908759
0.906077
0.94052
0.924623
0.928287
0.941176
0.918216
0.941463
0.91791
0.940639
0.91791
0.959459
0.90873
0.965957
0.943182
0.957143
0.937716
0.939252
0.935606
0.954545
0.928302
0.958333
0.908088
0.926471
0.913194
0.939394
0.909396
0.958974
0.941379
0.917051
0.9375
0.953368
0.92053
0.933649
0.903226
0.899083
0.931271
0.929245
0.923077
0.932692
0.762712
0.828358
0.846154
0.789916
0.821429
0.867769
0.78744
0.895522
